# Created by Octave 3.8.2, Sat Jun 13 23:28:59 2015 W. Europe Daylight Time <unknown@HAWAII>
# name: X
# type: matrix
# rows: 118
# columns: 28
 1 0.051267 0.69956 0.002628305289 0.03586434251999999 0.4893841936 0.000134745327251163 0.00183865724797284 0.0250892594532912 0.3423536064748159 6.907988692185375e-006 9.426244113182359e-005 0.00128625106439188 0.01755144234314439 0.2394968889455222 3.541518562822676e-007 4.8325525695052e-006 6.594223331817851e-005 0.0008998097946059834 0.01227828700557009 0.1675424436307295 1.815630321602302e-008 2.477504725808231e-007 3.380660475523058e-006 4.613054874006496e-005 0.0006294709399145618 0.008589398457616611 0.1172059918663131
 1 -0.092742 0.68494 0.008601078564000001 -0.06352270548 0.4691428036 -0.0007976812281824882 0.00589122275162616 -0.0435092418914712 0.321334671897784 7.397855246410032e-005 -0.0005463637804313134 0.004035134111498822 -0.02980122014114428 0.2200949701696682 -6.860918912625592e-006 5.067086972476087e-005 -0.0003742264077686238 0.002763824758330003 -0.02041204772347537 0.1507518488680125 6.362953417947227e-007 -4.699317800013773e-006 3.470650550927771e-005 -0.0002563226357370412 0.001893054129970552 -0.01398102796771722 0.1032559713636565
 1 -0.21371 0.69225 0.0456719641 -0.1479407475 0.4792100625 -0.009760555447811001 0.031616417148225 -0.102411982456875 0.3317331657656251 0.002085928304751689 -0.006756744508747165 0.02188646477085876 -0.07089469485577174 0.2296422840012539 -0.0004457837380084835 0.001443983868964357 -0.004677356386180226 0.01515090523762698 -0.04907685251390798 0.158969871099868 9.526844264979301e-005 -0.0003085937926363727 0.0009995978332905759 -0.003237899958333262 0.01048821415074727 -0.0339734511527528 0.1100468932688837
 1 -0.375 0.50219 0.140625 -0.18832125 0.2521947961 -0.052734375 0.07062046875 -0.09457304853750001 0.126649704653459 0.019775390625 -0.02648267578125 0.0354648932015625 -0.04749363924504713 0.06360221517992058 -0.007415771484375 0.009931003417968751 -0.01329933495058594 0.01781011471689267 -0.02385083069247022 0.03194039644120432 0.002780914306640625 -0.003724126281738281 0.004987250606469726 -0.006678793018834753 0.008944061509676332 -0.01197764866545162 0.0160401476888084
 1 -0.51325 0.46564 0.2634255625 -0.23898973 0.2168206096 -0.135203169953125 0.1226614789225 -0.1112831778772 0.100960348654144 0.06939302697844139 -0.06295600405697312 0.0571160910454729 -0.0518178989467394 0.04701117674731561 -0.03561597109668505 0.03231216908224145 -0.02931483372908896 0.026595536634414 -0.02412848646555973 0.02189028434062004 0.0182798971653736 -0.01658422078146042 0.01504583841145491 -0.01365015917761298 0.01238394567844853 -0.01123518843782323 0.01019299200036631
 1 -0.52477 0.2098 0.2753835528999999 -0.110096746 0.04401603999999999 -0.1445130270553329 0.05777546939841998 -0.02309829731079999 0.009234565191999998 0.07583610120782706 -0.03031883307620885 0.01212129347978851 -0.004846022775805838 0.001937411777281599 -0.0397965108308314 0.01591041403340212 -0.006360891179388616 0.002543047372059629 -0.001016695578364065 0.0004064689908736795 0.02088401498869539 -0.008349307972308428 0.003338004864207764 -0.001334514969435732 0.0005335313386581102 -0.0002133027323407808 8.527719428529795e-005
 1 -0.39804 0.034357 0.1584358416 -0.01367546028 0.001180403449 -0.06306380239046401 0.0054433802098512 -0.00046984778883996 4.0555121297293e-005 0.02510191590350029 -0.002166683058729172 0.0001870182138698577 -1.614256048117451e-005 1.393352302411095e-006 -0.009991566606229258 0.0008624265246965595 -7.444072984875816e-005 6.425384773926701e-006 -5.546099504517124e-007 4.7871405053938e-008 0.003977043171943494 -0.0003432802538902186 2.96303881089997e-005 -2.557560155413784e-006 2.207569446777996e-007 -1.905473406766948e-008 1.644717863438148e-009
 1 -0.30588 -0.19225 0.09356257439999999 0.05880543 0.0369600625 -0.02861892025747199 -0.0179874049284 -0.0113053439175 -0.007105572015625001 0.008753955328355533 0.005501987419498991 0.0034580785974849 0.002173452368139375 0.001366046220003906 -0.00267765985583739 -0.001682947911876351 -0.001057757081398681 -0.000664815610366472 -0.0004178462177747949 -0.000262622385795751 0.0008190425967035408 0.0005147801072847383 0.0003235467360582286 0.0002033537988988964 0.0001278108010929542 8.033093536720433e-005 5.048915366923314e-005
 1 0.016705 -0.40424 0.000279057025 -0.0067528292 0.1634099776 4.661647602625001e-006 -0.000112806011786 0.002729763675808 -0.06605684934502398 7.787282320185064e-008 -1.88442442688513e-006 4.560070220437264e-005 -0.001103479668308626 0.02670282077923249 1.300865511586915e-009 -3.14793100511161e-008 7.61759730324045e-007 -1.843362785909559e-005 0.0004460706211170788 -0.01079434827179694 2.173095837105942e-011 -5.258618744038945e-010 1.272519629506317e-008 -3.079337533861919e-007 7.451609725760803e-006 -0.0001803195878803679 0.004363507345391196
 1 0.13191 -0.51389 0.0174002481 -0.0677872299 0.2640829320999999 0.002295266726871 -0.008941813496108999 0.03483517957331099 -0.135709577976869 0.0003027686339415537 -0.001179514618271738 0.004595108537515454 -0.01790145043092879 0.06973979502653319 3.993821050323035e-005 -0.000155589773296225 0.0006061407671836635 -0.002361380326343816 0.009199376361949993 -0.03583858326618514 5.268249347481116e-006 -2.052384699550504e-005 7.995602859919706e-005 -0.0003114896788480128 0.001213489735904824 -0.004727467518642481 0.01841708955465988
 1 0.38537 -0.56506 0.1485100369 -0.2177571722 0.3192928036 0.057231312920153 -0.083917081450714 0.123045867723332 -0.180419591602216 0.02205523106003936 -0.03233912567866166 0.04741818604454046 -0.06952829801574599 0.1019478944307482 0.008499424393607369 -0.01246252886278584 0.01827354635598456 -0.02679412020632803 0.03928766007677743 -0.05760667722703857 0.003275423178564472 -0.00480268474785178 0.007042076559205769 -0.01032565010391263 0.01514028556378772 -0.02219988520298385 0.03255122903391042
 1 0.52938 -0.5212 0.2802431844 -0.275912856 0.27164944 0.148355136957672 -0.14606274770928 0.1438057805472 -0.141583688128 0.07853624240265238 -0.07732269738233863 0.07612790410607673 -0.07495157282120064 0.07379341825231361 0.04157551600311611 -0.04093308954026242 0.0403005898756749 -0.03967786362008719 0.03906475975440978 -0.03846112959310585 0.0220092466617296 -0.02166915894082412 0.02133432626838477 -0.02100466744320176 0.02068010251878945 -0.02036055278399837 0.02004594074392677
 1 0.6388200000000001 -0.24342 0.4080909924000001 -0.1555015644 0.0592532964 0.2606966877649681 -0.09933750937000801 0.037852190806248 -0.014423437409688 0.1665382580780169 -0.06345878773574853 0.02418073653084735 -0.009213980286056888 0.003510953134266252 0.1063879700253988 -0.04053874278135088 0.01544713811063591 -0.005886074886338862 0.002242867081231968 -0.0008546362119430912 0.06796276301162525 -0.02589695966358257 0.00986794076783643 -0.003760142358890992 0.001432788348832606 -0.0005459587049134856 0.0002080355467111872
 1 0.73675 -0.18494 0.5428005625 -0.136254545 0.0342028036 0.399908314421875 -0.10038553602875 0.0251989155523 -0.006325466497783999 0.2946324506503164 -0.07395904366918156 0.01856530103315702 -0.004660287442242362 0.001169831774100173 0.2170704580166206 -0.05448932542326951 0.01367798553617844 -0.00343346677307206 0.0008618735595683023 -0.0002163486883020859 0.1599266599437452 -0.04014501050559382 0.01007725584377946 -0.00252960664506084 0.0006349853450119467 -0.0001593948961065618 4.001152641458777e-005
 1 0.54666 0.48757 0.2988371556 0.2665350162 0.2377245049 0.163362319480296 0.145704031955892 0.129954477848634 0.115907336854093 0.08930364556709862 0.07965056610900793 0.07104091486073426 0.06336190476465849 0.05651294022995012 0.04881873088571013 0.04354177846915028 0.038835226517769 0.0346374188586482 0.03089336390610454 0.02755401426791678 0.0266872474259823 0.02380254861794569 0.0212296649282036 0.01893489139326863 0.0168881663129111 0.01506267743969939 0.01343451073660818
 1 0.322 0.5826 0.103684 0.1875972 0.33942276 0.03338624800000001 0.06040629840000001 0.10929412872 0.197747699976 0.010750371856 0.0194508280848 0.03519270944784 0.063674759392272 0.1152078100060176 0.003461619737632001 0.006263166643305602 0.01133205244220448 0.02050327252431159 0.03709691482193767 0.06712007010950585 0.001114641555517505 0.002016739659144404 0.003648920886389843 0.006602053752828332 0.01194520657266393 0.02161266257526089 0.03910415284579811
 1 0.16647 0.53874 0.0277122609 0.0896840478 0.2902407876 0.004613260072023001 0.014929703437266 0.048316383911772 0.156364321911624 0.0007679694041896689 0.002485347731201671 0.008043228429792685 0.02602996866862805 0.08423971478666831 0.0001278438667154542 0.0004137358368131422 0.001338956236707588 0.004333208884266511 0.01402338532053667 0.04538330394416969 2.128216849212166e-005 6.887460475428379e-005 0.0002228960447247122 0.0007213492829638462 0.00233447295430974 0.007554958607585928 0.02444980116688197
 1 -0.046659 0.81652 0.002177062281 -0.03809800668 0.6667049104 -0.000101579548969179 0.00177761489368212 -0.0311077844143536 0.544377893439808 4.739600175352922e-006 -8.294173332431404e-005 0.001451458112989325 -0.025400128130008 0.444495437551472 -2.21145004581792e-007 3.869978335179168e-006 -6.77235840939689e-005 0.001185144578418043 -0.02073971262071413 0.3629394146695279 1.031840476878183e-008 -1.805693191411248e-007 3.159914710240494e-006 -5.529766088440748e-005 0.0009676942511699006 -0.0169343901490655 0.296347290865963
 1 -0.17339 0.69956 0.03006409209999999 -0.1212967084 0.4893841936 -0.005212812929218998 0.021031636269476 -0.08485432532830399 0.3423536064748159 0.0009038496337972821 -0.003646675412764442 0.01471289146867463 -0.05936069182666833 0.2394968889455222 -0.0001567184880041107 0.0006322970498192266 -0.002551068251753493 0.01029255035582602 -0.0415263655742641 0.1675424436307295 2.717341863503276e-005 -0.0001096339854681557 0.0004423297241715382 -0.001784625306196673 0.007200256526921651 -0.02905018430113219 0.1172059918663131
 1 -0.47869 0.6337699999999999 0.2291441161 -0.3033793613 0.4016644128999999 -0.109688996935909 0.145224666460697 -0.192272737811101 0.254562854963633 0.05250702594325029 -0.06951759558807105 0.09203903686279592 -0.1218566930425415 0.1613343005903016 -0.02513458824877448 0.03327737783205374 -0.04405816655585178 0.05833158039253417 -0.07722911634957148 0.1022488396851155 0.01203167604880586 -0.0159295479944258 0.02109020374862069 -0.02792274421810218 0.03696880570537638 -0.04894549706886792 0.06480224712723562
 1 -0.60541 0.59722 0.3665212681 -0.3615629602 0.3566717283999999 -0.221895640920421 0.218893831734682 -0.215932631090644 0.213011489635048 0.1343378399696321 -0.1325205146704938 0.1307277741885868 -0.1289592859399544 0.1272147218398433 -0.08132947169601495 0.08022924478666367 -0.07914390177151231 0.07807324130090779 -0.07701706474905956 0.07597517617719124 0.04923767545948442 -0.04857158708629405 0.04791450957149127 -0.04726632101598258 0.04662690116972815 -0.04599613140943335 0.04537389471654214
 1 -0.62846 0.33406 0.3949619716 -0.2099433476 0.1115960836 -0.248217800671736 0.131940996232696 -0.07013367469925602 0.03727978768741601 0.1559949590101592 -0.08291963849240014 0.04407620920149444 -0.02342885537003346 0.01245368587485819 -0.09803659193952467 0.0521116760069338 -0.02770013443477119 0.01472409844585123 -0.00782664342491338 0.004160278303355128 0.06161207657031367 -0.03275010390331762 0.0174084264868763 -0.009253506909279665 0.004918732326821064 -0.002614568502526564 0.001389782570018814
 1 -0.59389 0.005117 0.3527053321 -0.00303893513 2.6183689e-005 -0.209468169680869 0.0018047931843557 -1.555023106021e-005 1.33981936613e-007 0.1244010512917713 -0.001071848624257007 9.235126724348119e-006 -7.957053233509459e-008 6.85585569648721e-010 -0.07388054035167008 0.0006365601794599938 -5.484649410323104e-006 4.725614344848933e-008 -4.071624139586789e-010 3.508141359892505e-012 0.04387691410945335 -0.0003780467249794958 3.257278438296789e-006 -2.806495103262333e-008 2.418096860259199e-010 -2.08345007222656e-012 1.795115933856995e-014
 1 -0.42108 -0.27266 0.1773083664 0.1148116728 0.07434347560000001 -0.074661006923712 -0.048344899182624 -0.03130455070564801 -0.02027049205709601 0.03143825679543665 0.02035707014781931 0.01318172021113426 0.008535498795401986 0.005526952364287798 -0.01323802117142247 -0.008571955097843758 -0.005550558746504415 -0.003594127832767868 -0.002327289101554306 -0.001506978831646711 0.005574265954862572 0.00360947885260005 0.002337229276978079 0.001513415347821894 0.0009799748948824871 0.0006345586464297971 0.0004108928482367923
 1 -0.11578 -0.39693 0.0134050084 0.0459565554 0.1575534249 -0.001552031872552 -0.005320849984211999 -0.018241535534922 -0.06253768094555701 0.0001796942502040705 0.0006160480111720652 0.002112004984233269 0.007240612699876589 0.02482308169771994 -2.080500028862728e-005 -7.13260387335017e-005 -0.0002445279370745279 -0.0008383181383917115 -0.002874016398962015 -0.009853025818275978 2.408802933417266e-006 8.258128764564826e-006 2.831144455448884e-005 9.706047406299236e-005 0.0003327536186718221 0.001140783329239993 0.003910961538048284
 1 0.20104 -0.60161 0.0404170816 -0.1209476744 0.3619345921 0.008125450084864001 -0.024315320461376 0.07276333039578399 -0.217743469953281 0.001633540485061059 -0.004888352025555032 0.01462833994276841 -0.04377514719940761 0.1309966489585933 0.0003284069791166753 -0.0009827542912175834 0.002940881462094162 -0.008800555592968906 0.0263355663066356 -0.07880889397997934 6.60229390816164e-005 -0.000197572922706383 0.0005912348091394104 -0.001769263696410469 0.005294502250286022 -0.01584374004573505 0.04741221870729536
 1 0.46601 -0.53582 0.2171653201 -0.2496974782 0.2871030723999999 0.101201210819801 -0.116361521815982 0.133792902769124 -0.1538355682533679 0.04716077625413545 -0.05422563278146576 0.06234883061943945 -0.07168891316175199 0.08242817418151961 0.02197739334218966 -0.02526968713249085 0.02905517855696498 -0.03340775042250804 0.03841235345032995 -0.04416666428994184 0.0102416850713938 -0.01177592690061206 0.01354000375933125 -0.01556834577439297 0.01790054083138826 -0.02058210722575579 0.02366538205983663
 1 0.67339 -0.53582 0.4534540921 -0.3608158298 0.2871030723999999 0.3053514510792191 -0.242969771629022 0.193332337923436 -0.1538355682533679 0.2056206136422353 -0.1636134145172672 0.1301880630342626 -0.1035913333061354 0.08242817418151961 0.1384628650205449 -0.1101756372017825 0.08766733976664207 -0.06975736793501855 0.05550630821209349 -0.04416666428994184 0.0932395086761847 -0.07419117233530834 0.05903430992545911 -0.04697391399376215 0.03737739288694164 -0.02974139006620393 0.02366538205983663
 1 -0.13882 0.54605 0.0192709924 -0.07580266100000001 0.2981706025 -0.002675199164968 0.01052292540002 -0.04139204303905001 0.162816057495125 0.0003713711480808577 -0.001460792504030776 0.005746043414680922 -0.02260212510147326 0.08890570819521304 -5.155374277658467e-005 0.0002027872154095524 -0.0007976657468260056 0.003137627006586517 -0.01234189041165947 0.04854696195999608 7.156690572245484e-006 -2.815092124315406e-005 0.0001107319589743861 -0.0004355653810543404 0.001713301226946568 -0.006739289259286656 0.02650906857825586
 1 -0.29435 0.7799700000000001 0.0866419225 -0.2295841695 0.6083532009000001 -0.025503049887875 0.067578100292325 -0.179068764684915 0.4744972461059731 0.007506822734496005 -0.01989161382104587 0.05270889088500474 -0.1396682643912932 0.3700936170452759 -0.002209633271898899 0.00585509652822485 -0.01551486203200114 0.04111135362357714 -0.108937056177277 0.2886619184868038 0.000650405553583441 -0.001723447663082984 0.004566799639119537 -0.01210112693909993 0.03206562248578147 -0.08496763570659072 0.2251476365621524
 1 -0.26555 0.96272 0.0705168025 -0.255650296 0.9268297984 -0.018725736903875 0.0678879361028 -0.24611965296512 0.892277583515648 0.004972619434824007 -0.01802764143209854 0.06535707384488762 -0.2369443123025803 0.8590134752021846 -0.001320479090917515 0.004787240182293768 -0.01735557095950991 0.06292056213195021 -0.2281110283399401 0.8269894528466472 0.0003506532225931462 -0.00127125163040811 0.004608771868297857 -0.01670855527413938 0.0605748835756711 -0.2196070492034272 0.7961592860445242
 1 -0.16187 0.8018999999999999 0.0262018969 -0.129803553 0.6430436099999999 -0.004241301051203001 0.02101130112411 -0.1040894691507 0.5156566708589999 0.0006865394011582298 -0.003401099312959687 0.01684896237142381 -0.08346934531194632 0.4135050843618319 -0.0001111301328654827 0.0005505359457887844 -0.002727341539062372 0.01351118292564475 -0.06693406800564974 0.331589727149753 1.798863460693568e-005 -8.911525354483055e-005 0.0004414747749280262 -0.002187055180174116 0.01083461758807452 -0.05367442913373052 0.2659018022013869
 1 -0.17339 0.64839 0.03006409209999999 -0.1124243421 0.4204095921 -0.005212812929218998 0.019493256676719 -0.072894819174219 0.272589375421719 0.0009038496337972821 -0.003379935775176307 0.01263923269661783 -0.04726427180437186 0.1767442251296884 -0.0001567184880041107 0.0005860470640578197 -0.002191516557266565 0.008195152088160036 -0.03064568119523666 0.1145991881318387 2.717341863503276e-005 -0.0001016147004369854 0.0003799870558644498 -0.001420957420566068 0.005313654662442085 -0.0198703532301795 0.07430496759280286
 1 -0.28283 0.47295 0.07999280890000002 -0.1337644485 0.2236817025 -0.02262436614118701 0.037832598969255 -0.06326389591807501 0.105790261197375 0.006398849475711922 -0.01070019396647439 0.01789292768250916 -0.02992065957445357 0.0500335040332985 -0.001809786597215603 0.003026335859537953 -0.005060656736444065 0.008462460147442704 -0.01415097594573782 0.02366334573254852 0.0005118619432904891 -0.0008559385711531194 0.001431305544768475 -0.00239343760350122 0.004002320526733027 -0.0066927040735367 0.01119157936420882
 1 -0.36348 0.31213 0.1321177104 -0.1134530124 0.09742513690000001 -0.048022145376192 0.041237900947152 -0.03541208876041201 0.03040930798059701 0.01745508940133827 -0.01498915223627081 0.01287158602263456 -0.0110531752647874 0.009491657299983745 -0.006344575895598434 0.005448257054839714 -0.004678564087507209 0.004017608145244924 -0.003450027595398092 0.002962630993043927 0.002306126446532119 -0.001980332474293139 0.00170056447452712 -0.001460320208633625 0.001254016030375298 -0.001076857113351607 0.0009247260118588009
 1 -0.30012 0.027047 0.0900720144 -0.008117345640000001 0.0007315402090000001 -0.027032412961728 0.0024361777734768 -0.00021954984752508 1.9785968032823e-005 0.008112967778073807 -0.0007311456733758572 6.589130023922702e-005 -5.93816472601084e-006 5.351510773837638e-007 -0.002434863889555511 0.0002194314394935623 -1.977529702779681e-005 1.782161997570373e-006 -1.606095413444152e-007 1.447423118999866e-008 0.0007307513505333999 -6.585576362080792e-005 5.934962143982379e-006 -5.348624587108203e-007 4.820213554828589e-008 -4.344006264742398e-009 3.914845309958938e-010
 1 -0.23675 -0.21418 0.05605056249999999 0.050707115 0.04587307240000001 -0.013269970671875 -0.01200490947625 -0.0108604498907 -0.009825094646632001 0.003141665556566405 0.002842162318502187 0.002571211511623225 0.002326091157590126 0.002104338771415642 -0.0007437893205170965 -0.0006728819289053928 -0.0006087343253767985 -0.0005507020815594623 -0.0004982022041326533 -0.0004507072780618023 0.0001760921216324226 0.0001593047966683517 0.000144117851532957 0.0001303787178092027 0.0001179493718284056 0.0001067049480811317 9.653248481527682e-005
 1 -0.06394 -0.18494 0.0040883236 0.0118250636 0.0342028036 -0.000261407410984 -0.0007560945665839999 -0.002186927262184 -0.006325466497783999 1.671438985831696e-005 4.834468658738095e-005 0.000139832129144045 0.0004044503278683089 0.001169831774100173 -1.068718087540786e-006 -3.091159260397138e-006 -8.940866337470233e-006 -2.586055396389967e-005 -7.479904363596504e-005 -0.0002163486883020859 6.833383451735787e-008 1.97648723109793e-007 5.716789936178467e-007 1.653523820451745e-006 4.782650850083605e-006 1.383333513003537e-005 4.001152641458777e-005
 1 0.062788 -0.16301 0.003942332943999999 -0.01023507188 0.02657226009999999 0.0002475312008878719 -0.0006426396932014399 0.0016684190671588 -0.004331544118900999 1.55419890413477e-005 -4.0350061056732e-005 0.0001047566963887667 -0.0002719689921375559 0.0007060850068220518 9.758504079281396e-007 -2.533499633630089e-006 6.577463452857883e-006 -1.707638907833286e-005 4.433366540834299e-005 -0.0001150989169620627 6.127169541299202e-008 -1.59073374996366e-007 4.129857752780408e-007 -1.072192317450363e-006 2.783622183659039e-006 -7.226830798213989e-006 1.876227445398583e-005
 1 0.22984 -0.41155 0.0528264256 -0.094590652 0.1693734025 0.012141625659904 -0.02174071545568 0.0389287828306 -0.06970562379887502 0.002790631241672335 -0.004996886040333491 0.008947391445785104 -0.01602114057393343 0.02868734947442701 0.0006413986845859695 -0.00114848428751025 0.002056468449899249 -0.00368229894951286 0.006593500403202304 -0.01180627867620044 0.0001474190736652392 -0.0002639676286413558 0.0004726587085248432 -0.0008463395905560358 0.001515450132672018 -0.002713555090937909 0.00485887398919029
 1 0.2932 -0.2288 0.08596624000000001 -0.06708416 0.05234944 0.025205301568 -0.019669075712 0.015348855808 -0.011977551872 0.007390194419737602 -0.005766972998758401 0.004500284522905601 -0.0035118182088704 0.002740463868313601 0.002166805003867065 -0.001690876483235963 0.001319483422115922 -0.001029665098840802 0.0008035040061895477 -0.0006270181330701518 0.0006353072271338236 -0.0004957649848847845 0.0003868725393643885 -0.000301897806980123 0.0002355873746147754 -0.0001838417166161685 0.0001434617488464508
 1 0.48329 -0.18494 0.2335692241 -0.0893796526 0.0342028036 0.112881670315289 -0.043196292305054 0.016529872951844 -0.006325466497783999 0.05455458244667602 -0.02087633610810954 0.007988722298896687 -0.003057034703714029 0.001169831774100173 0.02636568415065405 -0.01008932447768826 0.003860869599833779 -0.001477434301957953 0.0005653679981048725 -0.0002163486883020859 0.0127422714931696 -0.00487606962682196 0.001865919668903667 -0.000714029223793259 0.0002732366998041038 -0.0001045591575695151 4.001152641458777e-005
 1 0.64459 -0.14108 0.4154962681 -0.09093875720000001 0.0199035664 0.267824739454579 -0.058618213503548 0.012829639865776 -0.002807995147712001 0.1726371488050271 -0.03778471424225201 0.008269857561080554 -0.001810005592263679 0.0003961519554392091 0.1112801797482324 -0.02435564895341322 0.005330667485296914 -0.001166711504717245 0.0002553555889565598 -5.588911787336362e-005 0.07173009106391313 -0.01569940775888063 0.003436094954347538 -0.0007520505688256888 0.0001645996590855089 -3.602556648999145e-005 7.884836749574139e-006
 1 0.46025 0.012427 0.2118300625 0.00571952675 0.000154430329 0.09749478626562499 0.0026324121866875 7.107655892225e-005 1.919105698483e-006 0.0448719753787539 0.001211567708922922 3.271298624396557e-005 8.832683977268009e-007 2.384872651504824e-008 0.02065232666807149 0.0005576240380317748 1.505615191878515e-005 4.065242800537601e-007 1.097637637855095e-008 2.963681244025045e-010 0.009505233348979901 0.0002566464635041244 6.929593920620865e-006 1.871027998947431e-007 5.051877228228076e-009 1.364034292562527e-010 3.682966681949924e-012
 1 0.6273 0.15863 0.39350529 0.09950859899999999 0.0251634769 0.246845868417 0.06242174415269999 0.01578504905937 0.003991682340647 0.1548464132579841 0.0391571601069887 0.009901961274942798 0.002503982332287863 0.0006332005696968335 0.09713515503673339 0.02456328653511401 0.006211500307771618 0.001570748117044176 0.0003972067173708237 0.0001004446063710087 0.06093288275454286 0.01540854964347702 0.003896474143065136 0.0009853302938218117 0.0002491677738067177 6.300890157653376e-005 1.593352790863311e-005
 1 0.57546 0.26827 0.3311542116 0.1543786542 0.07196879290000001 0.190566002607336 0.08883874034593199 0.041415161562234 0.019307068071283 0.1096631118604176 0.05112314151947002 0.02383276887260318 0.01111044539230052 0.005179507151483092 0.06310673435119588 0.02941932301879422 0.01371480517542822 0.006393616905453255 0.00298059918539246 0.001389506383528369 0.03631540134973918 0.01692964362439532 0.007892321786251925 0.00367927078441213 0.001715215607225945 0.0007996053434652352 0.0003727628775091556
 1 0.72523 0.44371 0.5259585529 0.3217918033 0.1968785641 0.3814409213196671 0.233373069507259 0.142782241042243 0.08735698767681099 0.2766323993686621 0.1692491511987495 0.1035499646710659 0.06335390817285363 0.0387611690020778 0.2006221149941348 0.1227445619238691 0.07509754087839712 0.04594615482419865 0.02811076259537688 0.01719871829791194 0.1454971764571964 0.08901803864404757 0.05446298957123994 0.03332152986315359 0.02038676835704518 0.01247302647119468 0.007631243295966507
 1 0.22408 0.52412 0.0502118464 0.1174448096 0.2747017744 0.011251470541312 0.026317032935168 0.06155517360755201 0.143976693998528 0.002521229518897193 0.005897120740112446 0.01379328330198025 0.03226229759119016 0.07546106485850852 0.0005649571105944831 0.001321426815444397 0.003090798922307735 0.007229335644233892 0.01690931541349459 0.03955065331364149 0.0001265955893420118 0.0002961053208047805 0.0006925862225107175 0.00161994953115993 0.003789039397855868 0.008862510394520785 0.02072928841474578
 1 0.44297 0.67032 0.1962224209 0.2969316504 0.4493289024000001 0.08692064578607299 0.131531813177688 0.199039223896128 0.3011941498567681 0.03850323846385675 0.05826464728332045 0.08816840500926781 0.1334199725620525 0.2018964625319888 0.01705577954233462 0.02580949080709246 0.03905595836695536 0.05910104524581241 0.08943407600779507 0.1353352367644427 0.007555198663867967 0.01143283014281774 0.01730061787781022 0.02617999001253752 0.03961661264917297 0.05994944982954519 0.09071791590794126
 1 0.322 0.69225 0.103684 0.2229045 0.4792100625 0.03338624800000001 0.07177524900000001 0.154305640125 0.3317331657656251 0.010750371856 0.023111630178 0.04968641612025001 0.1068180793765313 0.2296422840012539 0.003461619737632001 0.007441944917316002 0.01599902599072051 0.03439542155924307 0.07394481544840377 0.158969871099868 0.001114641555517505 0.002396306263375753 0.005151686369012003 0.01107532574207627 0.02381023057438602 0.05118829849415751 0.1100468932688837
 1 0.13767 0.57529 0.01895302889999999 0.07920017429999998 0.3309585841 0.002609263488662999 0.010903487995881 0.04556306827304699 0.190397163846889 0.000359217304484235 0.001501083192392937 0.006272667609150378 0.0262119775468012 0.1095335843894767 4.945344630834463e-005 0.0002066541230967356 0.0008635581497517324 0.003608602948868121 0.01507948856289926 0.06301357576342208 6.808255953269804e-006 2.845007312672758e-005 0.000118886050476321 0.0004967963679706741 0.002075993190454341 0.008675078975350317 0.03625108000093908
 1 -0.0063364 0.39985 4.014996496e-005 -0.00253360954 0.1598800225 -2.54406237972544e-007 1.6053963489256e-005 -0.001013063774569 0.06392802699662499 1.612019686289228e-009 -1.017243342533217e-007 6.419177301179011e-006 -0.0004050735502614146 0.0255616215946005 -1.021440154020306e-011 6.445660715627477e-010 -4.067447505119069e-008 2.566708043876427e-006 -0.0001619686590720266 0.01022081439460101 6.472253391934268e-014 -4.084228455850195e-012 2.577297437143647e-010 -1.626368884921859e-008 1.02629821134399e-006 -6.476316832994985e-005 0.004086792635681214
 1 -0.092742 0.55336 0.008601078564000001 -0.05131971312 0.3062072895999999 -0.0007976812281824882 0.00475949283417504 -0.02839827645208319 0.169442865773056 7.397855246410032e-005 -0.0004414048844270616 0.0026337129547191 -0.01571447025752476 0.09376290420417822 -6.860918912625592e-006 4.093677179153455e-005 -0.0002442558068465588 0.001457391400623361 -0.008695759261703897 0.05188464067042406 6.362953417947227e-007 -3.796558089490497e-006 2.265277203856355e-005 -0.0001351613932766118 0.0008064621054489428 -0.004811885345056469 0.02871088476138585
 1 -0.20795 0.35599 0.0432432025 -0.07402812049999999 0.1267288801 -0.008992423959875 0.015394147657975 -0.02635327061679499 0.04511421402679899 0.001869974562456006 -0.003201213005475901 0.005480162624762519 -0.009381500806872849 0.01606020905140017 -0.0003888612102627265 0.0006656922444887136 -0.001139599817819366 0.001950883092789209 -0.003339720472238665 0.005717273820207945 8.086368867413398e-005 -0.000138430702241428 0.0002369797821155371 -0.000405686139145516 0.0006944948722020304 -0.001188907090912242 0.002035292307255826
 1 -0.20795 0.17325 0.0432432025 -0.0360273375 0.0300155625 -0.008992423959875 0.007491884833124999 -0.006241736221874999 0.005200196203124998 0.001869974562456006 -0.001557937451048344 0.001297969047338906 -0.001081380800439843 0.000900933992191406 -0.0003888612102627265 0.0003239730929455031 -0.0002699126633941255 0.0002248731374514654 -0.0001873492236762029 0.0001560868141471611 8.086368867413398e-005 -6.737020467801736e-005 5.612833835280841e-005 -4.676236893303224e-005 3.895927106346639e-005 -3.245825300190215e-005 2.704204055099565e-005
 1 -0.43836 0.21711 0.1921594896 -0.0951723396 0.0471367521 -0.08423503386105601 0.041719746787056 -0.020662866650556 0.010233860248431 0.03692526944333251 -0.01828826820157387 0.009057774224937728 -0.004486114978502213 0.002221873398536854 -0.01618656111317924 0.008016845248841923 -0.003970565909243703 0.00196653336197623 -0.0009739804229826155 0.0004823909335563364 0.007095540929573253 -0.003514264283282345 0.00174053727197607 -0.0008620495645559002 0.0004269540582186593 -0.0002114608896337556 0.0001047318955844162
 1 -0.21947 -0.016813 0.0481670809 0.003689949110000001 0.0002826769690000001 -0.010571229245123 -0.0008098331311717001 -6.203911438643002e-005 -4.752647879797002e-006 0.002320067682427145 0.000177734077298253 1.361572443438979e-005 1.043063630179048e-006 7.9906268803027e-008 -0.0005091852542622854 -3.900729794464759e-005 -2.988243041615528e-006 -2.289211749153957e-007 -1.753702881420033e-008 -1.343464097385293e-009 0.0001117508877529438 8.560931679911805e-006 6.558297003433599e-007 5.024133025868188e-008 3.848851713852547e-009 2.948500654531503e-010 2.258766186933894e-011
 1 -0.13882 -0.27266 0.0192709924 0.0378506612 0.07434347560000001 -0.002675199164968 -0.005254428787784 -0.010320361282792 -0.02027049205709601 0.0003713711480808577 0.0007294198043201748 0.001432672553277186 0.002813949707366068 0.005526952364287798 -5.155374277658467e-005 -0.0001012580572357267 -0.0001988836038459389 -0.0003906324983765575 -0.000767251527210432 -0.001506978831646711 7.156690572245484e-006 1.405664350546358e-005 2.760902188589324e-005 5.422760342463371e-005 0.0001065098570073522 0.0002091988014091964 0.0004108928482367923
 1 0.18376 0.93348 0.0337677376 0.1715362848 0.8713849104 0.006205159461376 0.031521507694848 0.160125691135104 0.813420386160192 0.001140260102622454 0.005792392254005269 0.02942469700298671 0.1494741301607969 0.759311662072816 0.0002095341964579021 0.001064410000596008 0.005407082321268838 0.02746736615834803 0.1395311110225007 0.7088022503117323 3.850400394110409e-005 0.0001955959817095225 0.0009936054473563619 0.005047403205258034 0.02564023696149472 0.1302495015172839 0.6616527246209958
 1 0.22408 0.7799700000000001 0.0502118464 0.1747756776 0.6083532009000001 0.011251470541312 0.039163733836608 0.136319785257672 0.4744972461059731 0.002521229518897193 0.008775809478107121 0.03054653748053915 0.1063253429074265 0.3700936170452759 0.0005649571105944831 0.001966483387854244 0.006844868118639212 0.02382538283869612 0.08293057770750542 0.2886619184868038 0.0001265955893420118 0.000440649597550379 0.001533798048024675 0.005338791786495026 0.01858308385269782 0.064683362694523 0.2251476365621524
 1 0.29896 0.61915 0.08937708160000001 0.185101084 0.3833467225 0.026720172315136 0.05533782007264 0.1146053361586 0.237349123235875 0.00798826271533306 0.01654379468891646 0.03426241129797505 0.07095789388259718 0.146954709651492 0.002388171021375971 0.004945932860198464 0.01024309048164262 0.02121357195514125 0.04393357999741004 0.09098700848072126 0.0007139676085505605 0.001478636087884933 0.003062274330391879 0.006342009471709029 0.01313438307602571 0.02720147605539643 0.05633460630083856
 1 0.50634 0.75804 0.2563801956 0.3838259736 0.5746246416 0.129815548240104 0.194346443472624 0.290955441027744 0.4355884633184641 0.06573080469589428 0.09840537818792847 0.1473223780099879 0.2205558625166711 0.3301934787339285 0.03328213564971911 0.0498265791916757 0.07459521288157729 0.1116762554266913 0.1671901660221374 0.2502998646194672 0.01685207656487878 0.02522919010791308 0.03777054009045785 0.05654615517275086 0.08465506866364904 0.126736833451421 0.1897373093761409
 1 0.61578 0.7288 0.3791850084 0.448780464 0.53114944 0.233494544472552 0.27635003412192 0.3270712021632 0.387101711872 0.143781270595308 0.1701708240115959 0.2014039048680553 0.2383694921365402 0.2821197276123136 0.08853763080717879 0.1047877900098605 0.1240204965396511 0.1467831658678387 0.1737236858691104 0.2056088574838541 0.05451970229844455 0.0645262253322719 0.07636934135918633 0.0903861378780977 0.1069755712844808 0.1266098222614077 0.1498477353342329
 1 0.60426 0.59722 0.3651301476 0.3608761572 0.3566717283999999 0.220633542988776 0.218063026749672 0.215522458602984 0.213011489635048 0.1333200246863978 0.1317667645437568 0.1302316008354391 0.1287143227268741 0.1272147218398433 0.08055995811700273 0.07962138514321047 0.07869374712082243 0.07777691665094093 0.07687076781894374 0.07597517617719124 0.04867916029178006 0.04811201818663637 0.04755148363522816 0.04699747965549757 0.04644993016227494 0.04590875995682958 0.04537389471654214
 1 0.76555 0.50219 0.5860668024999999 0.3844515545 0.2521947961 0.4486634406538749 0.2943168875474749 0.193067726154355 0.126649704653459 0.3434742969925739 0.2253142932619694 0.1478029977574664 0.09695668139745554 0.06360221517992058 0.2629467480626649 0.1724893572067007 0.1131505849332284 0.07422518744382207 0.0486906758309882 0.03194039644120432 0.2012988829793731 0.1320492274095897 0.08662243029563302 0.05682309224761799 0.03727514688241301 0.02445197049556396 0.0160401476888084
 1 0.92684 0.3633 0.8590323855999999 0.336720972 0.13198689 0.7961855762695039 0.31208646568848 0.1223307291276 0.047950837137 0.737936639509627 0.2892542198587108 0.1133810129846248 0.04444275389205708 0.0174205391318721 0.6839491949631027 0.2680923811338475 0.1050860580746696 0.04119132201731418 0.01614605248898434 0.006328881866609134 0.6339114718596021 0.2484787425300952 0.09739796206592678 0.03817776489852747 0.01496480728889024 0.00586586086924801 0.002299282782139098
 1 0.82316 0.27558 0.6775923856 0.2268464328 0.07594433639999999 0.557766948130496 0.186730909623648 0.062514339951024 0.020928740225112 0.4591314410230991 0.1537094155658021 0.05145930407408491 0.01722770180370319 0.005767542231236364 0.3779386369925742 0.1265274425171456 0.04235924074162373 0.01418115501673632 0.004747610063064525 0.001589419288084117 0.3111039684268074 0.1041523295824136 0.034868432608875 0.01167335956357667 0.003908042699512195 0.001308346381179322 0.000438012167410221
 1 0.96141 0.085526 0.9243091881 0.08222555166000001 0.007314696676000001 0.8886400965312209 0.07905246762144059 0.007032422531273161 0.0006255967479115761 0.8543474752060811 0.0760018328959292 0.006761041345791329 0.0006014549694096683 5.350478746188546e-005 0.8213782061378785 0.0730689221644753 0.006500132760257241 0.0005782448221401493 5.14400377137313e-005 4.576050452465216e-006 0.7896812211630176 0.0702491924581482 0.006249292637038915 0.0005559303544537608 4.945496665835841e-005 4.399460665504583e-006 3.913712909975401e-007
 1 0.93836 0.012427 0.8805194895999999 0.01166099972 0.000154430329 0.8262442682610559 0.0109422156972592 0.00014491124352044 1.919105698483e-006 0.7753145715654444 0.01026773752168014 0.0001359789144698401 1.800812023228508e-006 2.384872651504824e-008 0.7275241813741503 0.009634834180843778 0.0001275971741819191 1.689809970116703e-006 2.237869101266067e-008 2.963681244025045e-010 0.6826795908342477 0.009040943001936566 0.0001197320843653456 1.585650083558709e-006 2.099926849864026e-008 2.780999932143342e-010 3.682966681949924e-012
 1 0.86348 -0.08260199999999999 0.7455977104 -0.07132517496 0.006823090403999999 0.643808710976192 -0.0615878620744608 0.005891602102045919 -0.0005636009135512079 0.5559159457537223 -0.05317988714405541 0.00508728058307461 -0.000486658116833197 4.655456266115687e-005 0.4800223008394241 -0.04591976895114896 0.004392765037873264 -0.0004202195507231289 4.019893376665573e-005 -3.845499984936879e-006 0.414489656328826 -0.03965080209393811 0.003793064754902806 -0.0003628511776584074 3.471097532883189e-005 -3.320512326993297e-006 3.17645989755756e-007
 1 0.8980399999999999 -0.20687 0.8064758415999999 -0.1857775348 0.0427951969 0.7242475647904638 -0.166835657351792 0.038431798624076 -0.008853042382703 0.6504032830844281 -0.1498250937282032 0.0345132924363652 -0.007950386181362601 0.001831428877709769 0.5840881643411397 -0.1345489271716756 0.0309943171395534 -0.007139764806310869 0.001644696389338481 -0.00037886769193182 0.5245345351049171 -0.1208303185572516 0.02783413656400454 -0.006411794386659413 0.00147700314548153 -0.0003402383420624516 7.83763594299356e-005
 1 0.8519600000000001 -0.36769 0.7258358416 -0.3132571724 0.1351959361 0.6183831036095361 -0.266882580597904 0.115181529719756 -0.04971019374460901 0.5268376689511803 -0.2273732833661903 0.09813005606004334 -0.0423510966626571 0.01827794113795529 0.4488446204396476 -0.1937129424966595 0.08360288256091454 -0.03608144031271734 0.01557207473189239 -0.00672061617701478 0.3823976628297622 -0.1650356784894541 0.07122631182659675 -0.03073994388882267 0.01326678478858304 -0.005725696158169512 0.002471103362126565
 1 0.82892 -0.5212 0.6871083663999999 -0.432033104 0.27164944 0.569557867076288 -0.35812088056768 0.2251756538048 -0.141583688128 0.4721179071768766 -0.2968535603201613 0.1866526029518748 -0.1173615507630618 0.07379341825231361 0.3913479756170565 -0.2460678532205881 0.1547200756388681 -0.09728333665851716 0.0611688402577078 -0.03846112959310585 0.3243961639484905 -0.2039705648916099 0.1282505650985705 -0.08064010342297805 0.05070407506641915 -0.0318811995423173 0.02004594074392677
 1 0.79435 -0.55775 0.6309919225 -0.4430487125 0.3110850625 0.5012284336378751 -0.351935744774375 0.247110419396875 -0.173507693609375 0.398150806260246 -0.2795601588615248 0.1962921616479076 -0.137825836418607 0.09677391611062888 0.3162710929528264 -0.2220686121916522 0.1559246786050154 -0.1094819531591205 0.07687236026247805 -0.05397565171070325 0.2512299426870777 -0.1764002020944389 0.123858768449894 -0.08696698949194735 0.06106355937449944 -0.04287555893639713 0.03010491974164474
 1 0.59274 -0.7405 0.3513407076000001 -0.4389239700000001 0.5483402500000001 0.2082536910228241 -0.2601677939778001 0.325023199785 -0.4060459551250001 0.1234402928168688 -0.1542118582024012 0.192654251440561 -0.2406796794407926 0.3006770297700626 0.07316799916427079 -0.09140753683089133 0.1141938809988781 -0.1426604731917354 0.1782233026259069 -0.2226513405447314 0.04336959982462988 -0.05418090338114252 0.06768728102327504 -0.08456056887966926 0.1056400803984801 -0.1319743555944841 0.1648733176733736
 1 0.51786 -0.5943000000000001 0.2681789796 -0.307764198 0.3531924900000001 0.138879166375656 -0.15937876757628 0.1829042628714 -0.2099022968070001 0.0719199650992972 -0.08253588857705235 0.09471880157058322 -0.1087000034244731 0.1247449349924002 0.03724447312632204 -0.04274203525851233 0.04905107858134222 -0.05629138377339761 0.06460041203516435 -0.07413591486598342 0.01928742285319713 -0.02213439037897319 0.02540159155413388 -0.02915105600089168 0.03345396937653021 -0.03839202487249817 0.04405897420485395
 1 0.46601 -0.41886 0.2171653201 -0.1951929486 0.1754436996 0.101201210819801 -0.090961865977086 0.08175851845059599 -0.073486348014456 0.04716077625413545 -0.04238913916398184 0.03810028718316224 -0.03424537303821664 0.03078049172933504 0.02197739334218966 -0.01975376274180718 0.01775511483022544 -0.01595868628953933 0.01434401695078742 -0.01289271676574927 0.0102416850713938 -0.009205450975309561 0.008274061062033353 -0.007436907397788226 0.006684455339236446 -0.006008134940006819 0.005400243344501741
 1 0.35081 -0.57968 0.1230676561 -0.2033575408 0.3360289024 0.043173364436441 -0.071339858888048 0.117882299250944 -0.194789234143232 0.01514564797794787 -0.02502673589651612 0.04135428940022367 -0.06833401122978722 0.1129154232481487 0.005313244767143892 -0.008779629219856819 0.01450749826449246 -0.02397225447952165 0.03961185962968305 -0.06545481254848685 0.001863939396761749 -0.003079981726617971 0.005089375466166602 -0.008409706593960991 0.01389623647668911 -0.02296220279013467 0.03794284573810686
 1 0.28744 -0.76974 0.08262175359999999 -0.2212540656 0.5924996675999999 0.02374879685478399 -0.06359726861606399 0.170308104454944 -0.4560706941384239 0.00682635416793911 -0.01828039889100143 0.04895336154452909 -0.1310929603231486 0.3510558561061105 0.001962167242032418 -0.005254517857229451 0.01407115424235944 -0.03768136051528582 0.1009074952791404 -0.2702217346791175 0.0005640053520497981 -0.001510358612882033 0.004044612575423797 -0.01083113026651376 0.02900485044303611 -0.07767253541616552 0.2080004780519039
 1 0.085829 -0.75512 0.007366617241 -0.06481119448 0.5702062144 0.000632269391177789 -0.00556268001102392 0.0489402291757376 -0.430574116617728 5.426704957539845e-005 -0.000477439262666172 0.004200490929924383 -0.03695574585518298 0.3251351269403787 4.657686598006874e-006 -4.097813447537488e-005 0.0003605239360244798 -0.0031718747110045 0.02790602281016577 -0.2455160370552188 3.99764583020332e-007 -3.517112303886951e-006 3.094340890504508e-005 -0.0002722388345708052 0.002395146031773718 -0.02107239594441237 0.1853940699011368
 1 0.14919 -0.57968 0.0222576561 -0.08648245919999999 0.3360289024 0.003320619713559 -0.012902318088048 0.05013215194905599 -0.194789234143232 0.0004954032550658671 -0.001924896835555881 0.007479215749279664 -0.02906060584182878 0.1129154232481487 7.390921162327671e-005 -0.0002871753588965819 0.001115824197635033 -0.004335551785542436 0.01684585199439131 -0.06545481254848685 1.102651528207665e-005 -4.284369179378104e-005 0.0001664698120451706 -0.0006468209708850759 0.002513232659043239 -0.009765203484108753 0.03794284573810686
 1 -0.13306 -0.4481 0.0177049636 0.059624186 0.20079361 -0.002355822456616 -0.007933594189160001 -0.0267175977466 -0.08997561664100001 0.000313465736077325 0.00105564404280963 0.003555043556162596 0.01197215555025146 0.0403180738168321 -4.170975084244887e-005 -0.0001404639963362494 -0.0004730340955829951 -0.00159301501751646 -0.005364722902067681 -0.01806652887732247 5.549899447096247e-006 1.869013935250134e-005 6.294191675827333e-005 0.0002119665782307401 0.0007138300293491256 0.002403932332416528 0.008095611589928197
 1 -0.40956 -0.41155 0.1677393936 0.168554418 0.1693734025 -0.068699346042816 -0.06903314743607999 -0.06936857072790001 -0.06970562379887502 0.02813650416529571 0.02827321586392093 0.02841059182731872 0.02854863528306725 0.02868734947442701 -0.01152358664593851 -0.01157957828922745 -0.01163584198879666 -0.01169237906653302 -0.01174919085074633 -0.01180627867620044 0.004719600146710577 0.004742532084135995 0.004765575444931558 0.004788730770489265 0.004811998604831665 0.004835379494624651 0.00485887398919029
 1 -0.39228 -0.25804 0.1538835984 0.1012239312 0.06658464159999999 -0.06036545798035201 -0.039708123731136 -0.026119823206848 -0.017181500918464 0.02368016185653249 0.01557670277725003 0.01024628424758233 0.006739959180295058 0.00443351449700045 -0.009289253893080565 -0.006110428965459643 -0.004019412384641598 -0.002643951187246145 -0.001739179066883337 -0.001144024080805996 0.003643988517177644 0.002396999074570509 0.001576735090247206 0.001037169171732918 0.0006822451643569953 0.0004487777664185761 0.0002952039738111792
 1 -0.74366 -0.25804 0.5530301956 0.1918940264 0.06658464159999999 -0.411266435259896 -0.142703911672624 -0.04951633457225599 -0.017181500918464 0.3058423972453743 0.1061231909544636 0.03682331736800389 0.01277719497302494 0.00443351449700045 -0.227442757135495 -0.07891957218519638 -0.02738402819388977 -0.009501888813639725 -0.003297027390839354 -0.001144024080805996 0.1691400807713822 0.05868932905124313 0.02036440640666807 0.007066174635151318 0.002451867389471594 0.000850764947932187 0.0002952039738111792
 1 -0.69758 0.041667 0.4866178564 -0.02906606586 0.001736138889 -0.339454884267512 0.0202759062226188 -0.00121109576618862 7.233969908796301e-005 0.236796938167331 -0.01414406666277442 0.0008448361845778576 -5.046272728978124e-005 3.014178241898155e-006 -0.1651848081267668 0.009866618022618182 -0.0005893408256378219 3.520178930280559e-005 -2.102630457983315e-006 1.255917648051704e-007 0.11522961845307 -0.006882755400217992 0.0004111123731484318 -2.455606418185112e-005 1.466752954880001e-006 -8.761030329279078e-008 5.233032064137038e-009
 1 -0.75518 0.2902 0.5702968324 -0.219153236 0.08421604000000001 -0.430676761891832 0.16550014076248 -0.0635982690872 0.024439494808 0.3252384770454737 -0.1249823963010096 0.0480281408492717 -0.01845621768910544 0.007092341393281601 -0.2456135930952008 0.09438420603859646 -0.036269891406553 0.01393776647445865 -0.0053559943733784 0.002058197472330321 0.1854824732336337 -0.07127706471622727 0.02739029659240069 -0.01052552248618168 0.0040447398308879 -0.001554309567154411 0.0005972889064702591
 1 -0.69758 0.68494 0.4866178564 -0.4778004452 0.4691428036 -0.339454884267512 0.333304034562616 -0.327264636935288 0.321334671897784 0.236796938167331 -0.2325062284301896 0.2282932654333182 -0.2241566404224561 0.2200949701696682 -0.1651848081267668 0.1621916948283317 -0.1592528161009741 0.156367189225897 -0.1535338492909571 0.1507518488680125 0.11522961845307 -0.1131416824783476 0.1110915794557175 -0.1090786238602012 0.1071021425883859 -0.1051614747333482 0.1032559713636565
 1 -0.4038 0.70687 0.16305444 -0.285434106 0.4996651969 -0.06584138287199999 0.1152582920028 -0.20176480650822 0.353198337732703 0.0265867504037136 -0.04654129831073063 0.08147262886801923 -0.1426214887764655 0.2496653089931158 -0.01073572981301955 0.01879337625787303 -0.03289864753690616 0.05759055716793676 -0.1008148517714201 0.1764809169679637 0.004335087698497295 -0.007588765332929131 0.01328447387540271 -0.02325506698441286 0.04070903714529945 -0.07126299427166376 0.1247490657771445
 1 -0.38076 0.91886 0.1449781776 -0.3498651336 0.8443036996000001 -0.05520189090297599 0.133214648269536 -0.321477076659696 0.7757968974144561 0.02101867198021714 -0.05072280947510852 0.1224056117089458 -0.2953924266595283 0.7128487371582471 -0.008003069543187476 0.01931321693574232 -0.04660716071429822 0.112473620374882 -0.2714242851603742 0.655008190625227 0.003047248759264063 -0.007353700480453244 0.01774614251357619 -0.04282545569394006 0.1033475108176641 -0.2494009186624614 0.6018608260378961
 1 -0.50749 0.90424 0.2575461001 -0.4588927576 0.8176499776000001 -0.130702070339749 0.232883485554424 -0.4149491871322241 0.7393518157450242 0.06632999367671923 -0.1181860400840146 0.2105825629777324 -0.3752136529724423 0.6685514858692807 -0.03366180849099824 0.0599782334822366 -0.1068685448855694 0.1904171767469847 -0.3392831935638013 0.6045309955824384 0.0170830311910967 -0.03043835370990025 0.05423471784397763 -0.09663481302732729 0.1721828279016935 -0.3067934349481317 0.5466411074454641
 1 -0.54781 0.70687 0.3000957961 -0.3872304547 0.4996651969 -0.164395478061541 0.212128715389207 -0.273721591513789 0.353198337732703 0.0900574868368928 -0.1162062315773615 0.1499474250471688 -0.193485581393352 0.2496653089931158 -0.04933439186411825 0.06365893572039441 -0.08214269891508953 0.1059933363430922 -0.1367691529195187 0.1764809169679637 0.02702587320708262 -0.03487300157698926 0.0449985918926752 -0.05806420958210933 0.07492350966084158 -0.09667801112422021 0.1247490657771445
 1 0.10311 0.7799700000000001 0.0106316721 0.0804227067 0.6083532009000001 0.001096231710231 0.008292385287836998 0.06272729854479901 0.4744972461059731 0.0001130324516419184 0.0008550278470288729 0.006467811752954225 0.04892541104598688 0.3700936170452759 1.16547760887982e-005 8.816192130714707e-005 0.00066689606984711 0.005044699132951707 0.03816035285353839 0.2886619184868038 1.201723962515982e-006 9.090375705979934e-006 6.87636537619355e-005 0.0005201589275986504 0.003934713982728343 0.02976393041517434 0.2251476365621524
 1 0.057028 0.91886 0.003252192784 0.05240074808 0.8443036996000001 0.000185466050085952 0.00298830986150624 0.04814895138078881 0.7757968974144561 1.057675790430167e-005 0.0001704173347819779 0.002745838399343624 0.04424214546575161 0.7128487371582471 6.031713497665158e-007 9.718559767946636e-006 0.0001565896722377682 0.002523041071620883 0.04065233778266052 0.655008190625227 3.439765573448487e-008 5.542300264464608e-007 8.929995828375446e-006 0.0001438839862323957 0.002318321519069564 0.03735380709497545 0.6018608260378961
 1 -0.10426 0.99196 0.0108701476 -0.1034217496 0.9839846415999999 -0.001133321588776 0.010782751613296 -0.102590238733216 0.9760734050815358 0.0001181601088457858 -0.001124209683202241 0.0106960582903251 -0.1017654132138009 0.9682257749046802 -1.231937294826163e-005 0.0001172101015706657 -0.001115171037349295 0.01061006198167089 -0.100947219291562 0.9604412396744465 1.284417823585757e-006 -1.22203251897576e-005 0.0001162677323540375 -0.001106205062209007 0.01052475708333825 -0.1001356036484578 0.9527192921074639
 1 -0.081221 1.1089 0.006596850841 -0.0900659669 1.22965921 -0.000535802822156861 0.0073152478975849 -0.09987415069540999 1.363569097969 4.351844101840241e-005 -0.0005941517494897432 0.008111878393631896 -0.1107504457061401 1.512061772737824 -3.534611297955662e-006 4.825759924530643e-005 -0.0006588548750091761 0.008995261950698408 -0.1228111692435388 1.676725299788973 2.870846642312568e-007 -3.919530468303033e-006 5.351285180312029e-005 -0.0007306041708976754 0.009974845977129464 -0.1361853055741602 1.859320684935992
 1 0.28744 1.087 0.08262175359999999 0.3124472799999999 1.181569 0.02374879685478399 0.08980984616319998 0.3396301933599999 1.284365503 0.00682635416793911 0.0258149421811502 0.09762330277939837 0.3691780201823199 1.396105301761 0.001962167242032418 0.007420246980549812 0.02806084215091027 0.106116530121206 0.4012965079381817 1.517566463014207 0.0005640053520497981 0.002132875792089238 0.008065808467857646 0.03050213541803946 0.1153486682417509 0.4362093041288035 1.649594745296442
 1 0.39689 0.82383 0.1575216721 0.3269698887 0.6786958688999999 0.06251877643976901 0.129771079126143 0.269367603407721 0.5591300176758869 0.02481307718117992 0.0515048435943749 0.1069093081164904 0.2219131127153827 0.4606280824619258 0.009848062202438499 0.02044175737417145 0.04243123529835387 0.08807509530560827 0.1828186796483137 0.3794792331746084 0.003908597407525816 0.008113129084234909 0.01684053297756367 0.03495612457584286 0.07255890576561924 0.1506115128546703 0.3126263766662375
 1 0.6388200000000001 0.88962 0.4080909924000001 0.5683070484 0.7914237444 0.2606966877649681 0.363045908658888 0.5055773163976081 0.7040663914931279 0.1665382580780169 0.2319209873694709 0.32297290126112 0.44977169221364 0.6263515432001164 0.1063879700253988 0.1481557651513654 0.2063215487836287 0.2873231524199175 0.4001258928270984 0.5572148598616875 0.06796276301162525 0.09464486589399526 0.1318023317939577 0.1835477762288917 0.255608422855807 0.3559599967768433 0.4957094836301545
 1 0.82316 0.66301 0.6775923856 0.5457633116 0.4395822601 0.557766948130496 0.449250527576656 0.361846533223916 0.291447434268901 0.4591314410230991 0.3698050642800002 0.2978575922885987 0.2399078699927886 0.1932325633946241 0.3779386369925742 0.3044087367127249 0.2451844556682829 0.1974825622632638 0.1590613168839187 0.1281151218562697 0.3111039684268074 0.2505770957124466 0.2018260365279038 0.1625597459526283 0.1309329136061665 0.105459243707207 0.08494160694192537
 1 0.67339 0.64108 0.4534540921 0.4316968612 0.4109835664 0.3053514510792191 0.290700349363468 0.276752223778096 0.263473344747712 0.2056206136422353 0.1957547082578658 0.1863621799699321 0.1774203156196618 0.1689074918508632 0.1384628650205449 0.1318192629937642 0.1254944283699526 0.1194730663351241 0.1137406159374528 0.1082832148757514 0.0932395086761847 0.0887657735073709 0.08450669312004237 0.08045196813940921 0.07659179336612133 0.07291683406518222 0.0694182033925467
 1 1.0709 0.10015 1.14682681 0.107250635 0.0100300225 1.228136830829 0.1148547050215 0.01074115109525 0.001004506753375 1.315211732134776 0.1229979036075243 0.01150269870790322 0.001075726282189288 0.0001006013513505063 1.408460243943131 0.1317184549732978 0.01231824004629356 0.001151995275596508 0.0001077339871612572 1.00752253377532e-005 1.508320075238699 0.1410572934309046 0.01319160326557578 0.0012336717406363 0.0001153723268509903 1.07895588141999e-005 1.009033817575983e-006
 1 -0.046659 -0.57968 0.002177062281 0.02704728912 0.3360289024 -0.000101579548969179 -0.00126199946305008 -0.0156787725570816 -0.194789234143232 4.739600175352922e-006 5.888363294645368e-005 0.0007315558487408703 0.009088670875889061 0.1129154232481487 -2.21145004581792e-007 -2.747451429648582e-006 -3.413366434640027e-005 -0.0004240682943981077 -0.005268520733335371 -0.06545481254848685 1.031840476878183e-008 1.281933362559732e-007 1.59264264473869e-006 1.978660254832131e-005 0.000245823908896695 0.003054056098699848 0.03794284573810686
 1 -0.23675 -0.6381599999999999 0.05605056249999999 0.15108438 0.4072481855999999 -0.013269970671875 -0.03576922696499999 -0.09641600794079998 -0.259889502122496 0.003141665556566405 0.008468364483963748 0.02282648987998439 0.06152883962750091 0.165851084674492 -0.0007437893205170965 -0.002004885291578417 -0.005404171479086305 -0.01456695278181084 -0.03926524429668597 -0.1058395281958738 0.0001760921216324226 0.0004746565927811902 0.001279437597673682 0.003448726071093716 0.009296046587240403 0.02505750830037312 0.0675425533134788
 1 -0.15035 -0.36769 0.02260512250000001 0.05528219150000001 0.1351959361 -0.003398680167875001 -0.008311677492025002 -0.020326708992635 -0.04971019374460901 0.0005109915632400065 0.001249660710925959 0.003056120697042673 0.007473927629501965 0.01827794113795529 -7.682758153313499e-005 -0.000187886487887718 -0.000459487746800366 -0.001123705019095621 -0.002748088450091578 -0.00672061617701478 1.155102688350685e-005 2.824873345391841e-005 6.908398273143505e-005 0.0001689490496210266 0.0004131750984712688 0.001010444642214172 0.002471103362126565
 1 -0.49021 -0.3019 0.2403058441 0.147994399 0.09114361 -0.117800327836261 -0.07254833433378999 -0.0446795090581 -0.027516255859 0.05774689870861349 0.03556391897376719 0.0219023421353712 0.01348874378464039 0.0083071576438321 -0.02830810721594942 -0.01743378872013041 -0.01073674713818032 -0.006612317090668565 -0.004072251748582933 -0.002507930892672911 0.01387691723833056 0.008546217568495129 0.005263260814607372 0.003241423961016637 0.00199625852967284 0.001229412802897188 0.0007571443364979517
 1 -0.46717 -0.13377 0.2182478089 0.0624933309 0.0178944129 -0.101958828883813 -0.029195009396553 -0.008359732874492999 -0.002393735613633 0.04763210608965091 0.01363903253978766 0.003905416406976895 0.001118281466620929 0.0003202100130356864 -0.02225229100190221 -0.006371746831612603 -0.001824493382847396 -0.0005224275527612992 -0.0001495925117898816 -4.283449344378378e-005 0.01039560278735866 0.002976688967324459 0.0008523485736648179 0.0002440624798234961 6.988513373287899e-005 2.001099030213247e-005 5.729970187974956e-006
 1 -0.28859 -0.060673 0.0832841881 0.01750962107 0.003681212929 -0.024034983843779 -0.0050531015445913 -0.00106236123918011 -0.000223350232041217 0.006936255987476182 0.001458274574753603 0.000306586830014988 6.445664346477481e-005 1.355132862863676e-005 -0.002001734115425752 -0.0004208434595281424 -8.847789327402537e-005 -1.860154273749936e-005 -3.910777928938282e-006 -8.22199761885278e-007 0.0005776804483707176 0.0001214512139852266 2.553383521995098e-005 5.368219218614941e-006 1.128611402512299e-006 2.372786292824724e-007 4.988532615286547e-008
 1 -0.6111799999999999 -0.067982 0.3735409923999999 0.04154923876 0.004621552324 -0.2283007837350319 -0.0253940637453368 -0.00282460034938232 -0.000314182370090168 0.1395328730031768 0.01552034387987494 0.001726339241535486 0.0001920219809517088 2.13587458834698e-005 -0.0852797013220816 -0.009485723772501967 -0.001055104017641658 -0.0001173599943180654 -1.305403830905907e-005 -1.452010262650044e-006 0.05212124785402983 0.005797484655277751 0.0006448584735022286 7.17280813273152e-005 7.978367133730722e-006 8.874396323264536e-007 9.871056167547526e-008
 1 -0.6630200000000001 -0.21418 0.4395955204000001 0.1420056236 0.04587307240000001 -0.2914606219356081 -0.09415256855927201 -0.03041476446264801 -0.009825094646632001 0.1932442215557469 0.06242503600616854 0.02016559713402488 0.00651423425260995 0.002104338771415642 -0.1281247837758913 -0.04138904737280986 -0.01337019421180118 -0.004319067594165449 -0.001395218692223999 -0.0004507072780618023 0.08494929413909144 0.0274417661891204 0.008864706166308417 0.002863628196283576 0.000925057897318356 0.0002988279395005362 9.653248481527682e-005
 1 -0.59965 -0.41886 0.3595801225 0.251169399 0.1754436996 -0.215622220457125 -0.15061373011035 -0.10520481446514 -0.073486348014456 0.129297864497115 0.0903155232606714 0.06308606699402121 0.04406608858686854 0.03078049172933504 -0.07753346444569503 -0.0541577035232616 -0.03782956007296482 -0.02642423002111572 -0.01845752186549576 -0.01289271676574927 0.04649294195486103 0.03247566691772382 0.02268449569775335 0.01584528953216205 0.01106805298664453 0.007731117608581553 0.005400243344501741
 1 -0.72638 -0.08260199999999999 0.5276279044000001 0.06000044076 0.006823090403999999 -0.3832583571980721 -0.0435831201592488 -0.004956156407657519 -0.0005636009135512079 0.2783912055015356 0.03165790682127514 0.003600052891394269 0.0004093884315853264 4.655456266115687e-005 -0.2022178038522054 -0.02299567035683784 -0.002615006419250969 -0.0002973715689349494 -3.381630322581112e-005 -3.845499984936879e-006 0.146886968362165 0.01670359503379987 0.001899488362815519 0.0002160047602429686 2.456348633716469e-005 2.79329427905845e-006 3.17645989755756e-007
 1 -0.83007 0.31213 0.6890162048999999 -0.2590897491 0.09742513690000001 -0.571931681201343 0.215062628035437 -0.08086968338658301 0.03040930798059701 0.4747433306147987 -0.1785170356533752 0.06712749808870096 -0.02524185427545416 0.009491657299983745 -0.3940701964434259 0.1481816357847971 -0.055720522338488 0.02095250597842623 -0.007878739974997507 0.002962630993043927 0.3271058479617945 -0.1230011304158865 0.04625193397750873 -0.01739204663751226 0.00653990569104618 -0.002459191108395972 0.0009247260118588009
 1 -0.72062 0.53874 0.5192931844000001 -0.3882268188 0.2902407876 -0.3742130545423281 0.279764010163656 -0.209153316360312 0.156364321911624 0.2696654113642925 -0.2016035410041338 0.150720062835568 -0.1126792576559545 0.08423971478666831 -0.1943262887373364 0.1452795437183989 -0.108611891680567 0.08119892665203393 -0.06070482326956892 0.04538330394416969 0.1400354101898994 -0.1046913447943526 0.07826790138285022 -0.05851357052398869 0.04374510974451676 -0.03270411648824756 0.02444980116688197
 1 -0.59389 0.49488 0.3527053321 -0.2939042832 0.2449062144 -0.209468169680869 0.174546814749648 -0.145447351670016 0.121199187382272 0.1244010512917713 -0.1036616078116685 0.0863797276833058 -0.07197898539445752 0.05997905385173876 -0.07388054035167008 0.06156359226327179 -0.05130005647383849 0.04274759963591438 -0.03562096029200913 0.02968243417014848 0.04387691410945335 -0.03656200180923449 0.03046659053924794 -0.02538737194777319 0.02115493210782131 -0.01762810082930948 0.01468924302212308
 1 -0.48445 0.99927 0.2346918025 -0.4840963515 0.9985405329 -0.113696443721125 0.234520477484175 -0.483742961163405 0.997811598310983 0.055080242160699 -0.1136134453172086 0.2343492775356115 -0.4833898288017557 0.997083195844216 -0.02668362331475063 0.05504003358392169 -0.113530507502127 0.2341782025630105 -0.4830369542267304 0.9963553251112497 0.01292688131483094 -0.02666414426973086 0.05499985435940543 -0.1134476302316504 0.2340072524751396 -0.4826843372501449 0.9956279857239185
 1 -0.0063364 0.99927 4.014996496e-005 -0.006331774428 0.9985405329 -2.54406237972544e-007 4.012065548557919e-005 -0.00632715223266756 0.997811598310983 1.612019686289228e-009 -2.54220521418824e-007 4.009136740707473e-005 -0.006322533411537713 0.997083195844216 -1.021440154020306e-011 1.610842911918237e-009 -2.540349404381883e-007 4.006210070886756e-005 -0.00631791796214729 0.9963553251112497 6.472253391934268e-014 -1.020694502707871e-011 1.609666996592536e-009 -2.538494949316684e-007 4.003285537535009e-005 -0.006313305882034922 0.9956279857239185
 1 0.63265 -0.030612 0.4002460225000001 -0.0193666818 0.0009370945440000001 0.253215646134625 -0.01225233124077 0.0005928528632616001 -2.8686338180928e-005 0.1601968785270706 -0.007751437359473142 0.0003750683639424514 -1.81484118501641e-005 8.781461843945681e-007 0.1013485552001512 -0.004903946845470684 0.0002372870004481918 -1.148159275700632e-005 5.555591835572236e-007 -2.688181099668652e-008 0.06411816344737567 -0.003102481971787029 0.0001501196208335486 -7.263829657720049e-006 3.514745174774775e-007 -1.700677772705373e-008 8.229059982305678e-010


